# Created by Octave 3.8.1, Mon May 02 20:57:10 2016 BRT <eduardo@positivo>
# name: SOMObj
# type: scalar struct
# ndims: 2
 1 1
# length: 12
# name: N
# type: scalar
100


# name: sigma_0
# type: scalar
5


# name: t1
# type: scalar
1.2


# name: eta_0
# type: scalar
0.5


# name: t2
# type: scalar
1.2


# name: arq
# type: matrix
# rows: 1
# columns: 2
 10 10


# name: x
# type: matrix
# rows: 150
# columns: 4
 2 14 33 50
 24 56 31 67
 23 51 31 69
 2 10 36 46
 20 52 30 65
 19 51 27 58
 13 45 28 57
 16 47 33 63
 17 45 25 49
 14 47 32 70
 2 16 31 48
 19 50 25 63
 1 14 36 49
 2 13 32 44
 12 40 26 58
 18 49 27 63
 10 33 23 50
 2 16 38 51
 2 16 30 50
 21 56 28 64
 4 19 38 51
 2 14 30 49
 10 41 27 58
 15 45 29 60
 2 14 36 50
 19 51 27 58
 4 15 34 54
 18 55 31 64
 10 33 24 49
 2 14 42 55
 15 50 22 60
 14 39 27 52
 2 14 29 44
 12 39 27 58
 23 57 32 69
 15 42 30 59
 20 49 28 56
 18 58 25 67
 13 44 23 63
 15 49 25 63
 11 30 25 51
 21 54 31 69
 25 61 36 72
 13 36 29 56
 21 55 30 68
 1 14 30 48
 3 17 38 57
 14 44 30 66
 4 15 37 51
 17 50 30 67
 22 56 28 64
 15 51 28 63
 15 45 22 62
 14 46 30 61
 11 39 25 56
 23 59 32 68
 23 54 34 62
 25 57 33 67
 2 13 35 55
 15 45 32 64
 18 51 30 59
 23 53 32 64
 15 45 30 54
 21 57 33 67
 2 13 30 44
 2 16 32 47
 18 60 32 72
 18 49 30 61
 2 12 32 50
 1 11 30 43
 14 44 31 67
 2 14 35 51
 4 16 34 50
 10 35 26 57
 23 61 30 77
 13 42 26 57
 1 15 41 52
 18 48 30 60
 13 42 27 56
 2 15 31 49
 4 17 39 54
 16 45 34 60
 10 35 20 50
 2 13 32 47
 13 54 29 62
 2 15 34 51
 10 50 22 60
 1 15 31 49
 2 15 37 54
 12 47 28 61
 13 41 28 57
 4 13 39 54
 20 51 32 65
 15 49 31 69
 13 40 25 55
 3 13 23 45
 3 15 38 51
 14 48 28 68
 2 15 35 52
 25 60 33 63
 15 46 28 65
 3 14 34 46
 18 48 32 59
 16 51 27 60
 18 55 30 65
 5 17 33 51
 22 67 38 77
 21 66 30 76
 13 52 30 67
 13 40 28 61
 11 38 24 55
 2 14 34 52
 20 64 38 79
 6 16 35 50
 20 67 28 77
 12 44 26 55
 3 14 30 48
 2 19 34 48
 14 56 26 61
 2 12 40 58
 18 48 28 62
 15 45 30 56
 2 14 32 46
 4 15 44 57
 24 56 34 63
 16 58 30 72
 21 59 30 71
 18 56 29 63
 12 42 30 57
 23 69 26 77
 13 56 29 66
 2 15 34 52
 10 37 24 55
 2 15 31 46
 19 61 28 74
 3 13 35 50
 18 63 29 73
 15 47 31 67
 13 41 30 56
 13 43 29 64
 22 58 30 65
 3 14 35 51
 14 47 29 61
 19 53 27 64
 2 16 34 48
 20 50 25 57
 13 40 23 55
 2 17 34 54
 24 51 28 58
 2 15 37 53


# name: m
# type: scalar
4


# name: w
# type: cell
# rows: 10
# columns: 10
# name: <cell-element>
# type: matrix
# rows: 1
# columns: 4
 2.304965094681325 13.63076971419731 33.37722866438791 48.07766589524071


# name: <cell-element>
# type: matrix
# rows: 1
# columns: 4
 2.313446011939491 14.23556788147339 34.16807914091896 49.58096401155318


# name: <cell-element>
# type: matrix
# rows: 1
# columns: 4
 2.385841385107457 14.64294462004184 34.68718190382074 51.03844487828481


# name: <cell-element>
# type: matrix
# rows: 1
# columns: 4
 2.636331988645535 15.10818086159043 35.63180391729225 52.00438635530589


# name: <cell-element>
# type: matrix
# rows: 1
# columns: 4
 2.565568407330342 15.04942201157131 37.10685408093843 53.11724047158992


# name: <cell-element>
# type: matrix
# rows: 1
# columns: 4
 2.885531144215126 14.93002875071476 39.1421736027338 54.52361912335267


# name: <cell-element>
# type: matrix
# rows: 1
# columns: 4
 3.727212314159676 17.39519003978976 37.81493572776354 55.09740683479874


# name: <cell-element>
# type: matrix
# rows: 1
# columns: 4
 5.921620273968525 23.16690290234893 35.71848333651087 56.65158658495077


# name: <cell-element>
# type: matrix
# rows: 1
# columns: 4
 8.949245882703334 30.92943864120923 33.45275759287725 58.95591179804204


# name: <cell-element>
# type: matrix
# rows: 1
# columns: 4
 11.40800445322524 37.1806198421413 31.70808887499597 60.85845577751789



# name: <cell-element>
# type: matrix
# rows: 1
# columns: 4
 2.189751115921906 14.1868046515774 31.94922381443084 47.38086442898373


# name: <cell-element>
# type: matrix
# rows: 1
# columns: 4
 2.432089648298415 14.89943535053908 33.15287004733342 48.84738651497988


# name: <cell-element>
# type: matrix
# rows: 1
# columns: 4
 2.810226061507867 15.44217025330565 34.28888995758418 50.71434580090474


# name: <cell-element>
# type: matrix
# rows: 1
# columns: 4
 2.915341219017353 15.92354989177999 35.03200946567119 52.27784152837727


# name: <cell-element>
# type: matrix
# rows: 1
# columns: 4
 3.030440297181023 16.17904920576316 36.44702634696754 53.08929758013951


# name: <cell-element>
# type: matrix
# rows: 1
# columns: 4
 3.522764053810592 17.1378341671487 37.31053048045352 53.94609991592175


# name: <cell-element>
# type: matrix
# rows: 1
# columns: 4
 4.828782615270378 20.49826755225345 36.39148001075188 55.58112289052801


# name: <cell-element>
# type: matrix
# rows: 1
# columns: 4
 7.565911972744407 27.70830939254619 34.35050717312294 58.03981468558998


# name: <cell-element>
# type: matrix
# rows: 1
# columns: 4
 10.57629021414107 35.58755435980788 32.30511572277729 60.7953641042567


# name: <cell-element>
# type: matrix
# rows: 1
# columns: 4
 12.53523582398021 40.65768518213201 30.99899480757216 62.56346451707189



# name: <cell-element>
# type: matrix
# rows: 1
# columns: 4
 2.138925310004518 14.17606417204176 30.18171661498744 46.64806491964112


# name: <cell-element>
# type: matrix
# rows: 1
# columns: 4
 2.481188294567865 15.49496693375108 31.92590164651731 48.43671885791586


# name: <cell-element>
# type: matrix
# rows: 1
# columns: 4
 3.757624338950282 16.73381266243439 33.68284751465929 50.4423448816282


# name: <cell-element>
# type: matrix
# rows: 1
# columns: 4
 3.837244871910975 18.03233082700737 34.38519548525388 52.01980582457552


# name: <cell-element>
# type: matrix
# rows: 1
# columns: 4
 4.277437266987745 19.51907991117663 34.93309532431246 53.28231751679272


# name: <cell-element>
# type: matrix
# rows: 1
# columns: 4
 5.309125682181448 22.09135260308995 34.92689938482653 54.77700285732222


# name: <cell-element>
# type: matrix
# rows: 1
# columns: 4
 7.239481374615319 27.08773740029345 34.00202317811473 57.00282210808587


# name: <cell-element>
# type: matrix
# rows: 1
# columns: 4
 9.884768978389053 34.14891827218037 32.50617304255483 59.95925442654673


# name: <cell-element>
# type: matrix
# rows: 1
# columns: 4
 12.27102042148053 40.54048215842076 31.12409547303335 62.78245659524752


# name: <cell-element>
# type: matrix
# rows: 1
# columns: 4
 13.41295907065236 43.59429921194184 30.34763894246937 64.17302141999239



# name: <cell-element>
# type: matrix
# rows: 1
# columns: 4
 2.761524717669146 16.46462897908364 30.74553617516216 48.19068644970407


# name: <cell-element>
# type: matrix
# rows: 1
# columns: 4
 3.420633827161194 18.14529739041135 31.86627023109147 49.13001005343029


# name: <cell-element>
# type: matrix
# rows: 1
# columns: 4
 4.851996044926055 20.80677754513378 32.60929882569151 51.24929111178552


# name: <cell-element>
# type: matrix
# rows: 1
# columns: 4
 5.951586325972762 23.6220645683212 32.87657549935825 53.04388834648263


# name: <cell-element>
# type: matrix
# rows: 1
# columns: 4
 6.964037053129342 26.42091680703405 32.89497965031744 54.62790950277688


# name: <cell-element>
# type: matrix
# rows: 1
# columns: 4
 8.453136918412461 30.25009796656551 32.48933437197218 56.56197518372549


# name: <cell-element>
# type: matrix
# rows: 1
# columns: 4
 10.29476694573642 35.14548526053395 31.72509625316395 58.95707248585808


# name: <cell-element>
# type: matrix
# rows: 1
# columns: 4
 12.10767679226196 40.30083465961553 30.95307906350761 61.76199283989897


# name: <cell-element>
# type: matrix
# rows: 1
# columns: 4
 13.67561116206406 44.37796288763833 30.45994403292183 64.48274947508892


# name: <cell-element>
# type: matrix
# rows: 1
# columns: 4
 14.09082820256546 45.76052194705157 30.29168622290218 65.66928433664121



# name: <cell-element>
# type: matrix
# rows: 1
# columns: 4
 5.985679433834409 23.84133982777937 29.03443867595677 50.20255789151744


