# Created by Octave 3.8.1, Tue May 03 01:12:51 2016 BRT <eduardo@positivo>
# name: SOMObj
# type: scalar struct
# ndims: 2
 1 1
# length: 12
# name: N
# type: scalar
100


# name: sigma_0
# type: scalar
5


# name: t1
# type: scalar
1.2


# name: eta_0
# type: scalar
0.5


# name: t2
# type: scalar
1.2


# name: arq
# type: matrix
# rows: 1
# columns: 2
 20 20


# name: x
# type: matrix
# rows: 150
# columns: 4
 2 14 33 50
 24 56 31 67
 23 51 31 69
 2 10 36 46
 20 52 30 65
 19 51 27 58
 13 45 28 57
 16 47 33 63
 17 45 25 49
 14 47 32 70
 2 16 31 48
 19 50 25 63
 1 14 36 49
 2 13 32 44
 12 40 26 58
 18 49 27 63
 10 33 23 50
 2 16 38 51
 2 16 30 50
 21 56 28 64
 4 19 38 51
 2 14 30 49
 10 41 27 58
 15 45 29 60
 2 14 36 50
 19 51 27 58
 4 15 34 54
 18 55 31 64
 10 33 24 49
 2 14 42 55
 15 50 22 60
 14 39 27 52
 2 14 29 44
 12 39 27 58
 23 57 32 69
 15 42 30 59
 20 49 28 56
 18 58 25 67
 13 44 23 63
 15 49 25 63
 11 30 25 51
 21 54 31 69
 25 61 36 72
 13 36 29 56
 21 55 30 68
 1 14 30 48
 3 17 38 57
 14 44 30 66
 4 15 37 51
 17 50 30 67
 22 56 28 64
 15 51 28 63
 15 45 22 62
 14 46 30 61
 11 39 25 56
 23 59 32 68
 23 54 34 62
 25 57 33 67
 2 13 35 55
 15 45 32 64
 18 51 30 59
 23 53 32 64
 15 45 30 54
 21 57 33 67
 2 13 30 44
 2 16 32 47
 18 60 32 72
 18 49 30 61
 2 12 32 50
 1 11 30 43
 14 44 31 67
 2 14 35 51
 4 16 34 50
 10 35 26 57
 23 61 30 77
 13 42 26 57
 1 15 41 52
 18 48 30 60
 13 42 27 56
 2 15 31 49
 4 17 39 54
 16 45 34 60
 10 35 20 50
 2 13 32 47
 13 54 29 62
 2 15 34 51
 10 50 22 60
 1 15 31 49
 2 15 37 54
 12 47 28 61
 13 41 28 57
 4 13 39 54
 20 51 32 65
 15 49 31 69
 13 40 25 55
 3 13 23 45
 3 15 38 51
 14 48 28 68
 2 15 35 52
 25 60 33 63
 15 46 28 65
 3 14 34 46
 18 48 32 59
 16 51 27 60
 18 55 30 65
 5 17 33 51
 22 67 38 77
 21 66 30 76
 13 52 30 67
 13 40 28 61
 11 38 24 55
 2 14 34 52
 20 64 38 79
 6 16 35 50
 20 67 28 77
 12 44 26 55
 3 14 30 48
 2 19 34 48
 14 56 26 61
 2 12 40 58
 18 48 28 62
 15 45 30 56
 2 14 32 46
 4 15 44 57
 24 56 34 63
 16 58 30 72
 21 59 30 71
 18 56 29 63
 12 42 30 57
 23 69 26 77
 13 56 29 66
 2 15 34 52
 10 37 24 55
 2 15 31 46
 19 61 28 74
 3 13 35 50
 18 63 29 73
 15 47 31 67
 13 41 30 56
 13 43 29 64
 22 58 30 65
 3 14 35 51
 14 47 29 61
 19 53 27 64
 2 16 34 48
 20 50 25 57
 13 40 23 55
 2 17 34 54
 24 51 28 58
 2 15 37 53


# name: m
# type: scalar
4


# name: w
# type: cell
# rows: 20
# columns: 20
# name: <cell-element>
# type: matrix
# rows: 1
# columns: 4
 15.83016250142701 44.43907268195033 28.43095103439984 54.30013110249282


# name: <cell-element>
# type: matrix
# rows: 1
# columns: 4
 16.3457772903817 45.23300493968861 28.53972013689211 55.37338340769167


# name: <cell-element>
# type: matrix
# rows: 1
# columns: 4
 17.28652995046209 46.43906843586303 28.27142892266267 56.20176187245043


# name: <cell-element>
# type: matrix
# rows: 1
# columns: 4
 18.43789528241903 47.90698409338069 27.80538669008887 56.81427132997255


# name: <cell-element>
# type: matrix
# rows: 1
# columns: 4
 19.34230434065305 49.14959662481589 27.40733836736939 57.17921078595818


# name: <cell-element>
# type: matrix
# rows: 1
# columns: 4
 19.66275250188206 50.02812819914812 26.9792223022968 57.64398516056485


# name: <cell-element>
# type: matrix
# rows: 1
# columns: 4
 20.25267038462558 50.2374102503523 27.33488372791747 58.04674994303389


# name: <cell-element>
# type: matrix
# rows: 1
# columns: 4
 20.98438288875745 50.56738328126957 27.72904315242416 58.50730283609285


# name: <cell-element>
# type: matrix
# rows: 1
# columns: 4
 21.6693040674842 50.98472162196448 28.05046594756518 58.96738220953473


# name: <cell-element>
# type: matrix
# rows: 1
# columns: 4
 21.64894960148279 51.65844202272051 28.49334144604546 59.94352500688123


# name: <cell-element>
# type: matrix
# rows: 1
# columns: 4
 21.77025203883047 52.75354831975113 29.27141209194364 61.26712070473987


# name: <cell-element>
# type: matrix
# rows: 1
# columns: 4
 22.05020186722577 53.92504167083591 30.34510120411601 62.54973754669557


# name: <cell-element>
# type: matrix
# rows: 1
# columns: 4
 22.44735332786521 54.69184650530428 31.41802622024584 63.34388504898456


# name: <cell-element>
# type: matrix
# rows: 1
# columns: 4
 22.71822256279134 56.0019174417274 31.63443986417266 64.11168720391632


# name: <cell-element>
# type: matrix
# rows: 1
# columns: 4
 23.02288186702424 57.27797720406286 31.63211748735817 65.38928201375158


# name: <cell-element>
# type: matrix
# rows: 1
# columns: 4
 22.90419188555887 58.03566755403581 31.89227611695929 67.30274472872935


# name: <cell-element>
# type: matrix
# rows: 1
# columns: 4
 22.4586892066676 59.73821260406228 32.00206815305018 69.59267690202572


# name: <cell-element>
# type: matrix
# rows: 1
# columns: 4
 21.46055130818119 61.84806133565414 31.06536908104766 72.25701910200522


# name: <cell-element>
# type: matrix
# rows: 1
# columns: 4
 21.13255617575934 63.58748436557848 30.61574454798886 74.82780564558716


# name: <cell-element>
# type: matrix
# rows: 1
# columns: 4
 21.02336662798619 65.19809262753505 30.98763205516896 76.09528530500542



# name: <cell-element>
# type: matrix
# rows: 1
# columns: 4
 15.26425183077852 43.51887332824192 28.98556273449217 55.21661593203151


# name: <cell-element>
# type: matrix
# rows: 1
# columns: 4
 15.69832426445022 44.47037121941575 28.99149508751664 55.73812205889478


# name: <cell-element>
# type: matrix
# rows: 1
# columns: 4
 16.61133106782365 45.56330544189781 28.60540145080001 56.3244734457268


# name: <cell-element>
# type: matrix
# rows: 1
# columns: 4
 17.81009907485961 47.09613582836094 28.10995313514132 56.89102474234694


# name: <cell-element>
# type: matrix
# rows: 1
# columns: 4
 18.83722812606495 48.53661884563503 27.68559534152056 57.377494636678


# name: <cell-element>
# type: matrix
# rows: 1
# columns: 4
 19.45160834909812 49.44758897343625 27.49917367977498 57.80561910153411


# name: <cell-element>
# type: matrix
# rows: 1
# columns: 4
 19.95403328471929 49.89594419412333 27.70039839691215 58.24574612313913


# name: <cell-element>
# type: matrix
# rows: 1
# columns: 4
 20.49399844578602 50.25445338695123 28.01915172615596 58.72175548933104


# name: <cell-element>
# type: matrix
# rows: 1
# columns: 4
 20.8922064986488 50.68048415822167 28.25821672649632 59.27754342906275


# name: <cell-element>
# type: matrix
# rows: 1
# columns: 4
 21.05341234822095 51.35118891831839 28.56149298315247 60.16940111042513


# name: <cell-element>
# type: matrix
# rows: 1
# columns: 4
 21.21299995386428 52.44193770502151 29.12060927987071 61.40260662813314


# name: <cell-element>
# type: matrix
# rows: 1
# columns: 4
 21.47736428183515 53.70439297870992 29.90815181099047 62.61725966654612


# name: <cell-element>
# type: matrix
# rows: 1
# columns: 4
 21.74983127204377 54.80509233564476 30.5043914145804 63.49482415292477


# name: <cell-element>
# type: matrix
# rows: 1
# columns: 4
 21.9501256898407 55.89538797004589 30.69145027082665 64.26176230013115


# name: <cell-element>
# type: matrix
# rows: 1
# columns: 4
 22.10722625124961 56.98923330791877 30.92777737343895 65.35391201774993


# name: <cell-element>
# type: matrix
# rows: 1
# columns: 4
 21.97814006483007 57.78887272365052 31.45558003206682 66.98767391342176


# name: <cell-element>
# type: matrix
# rows: 1
# columns: 4
 21.63349367689711 59.35504455045098 31.24480174898084 69.23745119301229


# name: <cell-element>
# type: matrix
# rows: 1
# columns: 4
 20.9060499748092 61.30676949641023 30.64281924642718 71.8401383247361


# name: <cell-element>
# type: matrix
# rows: 1
# columns: 4
 20.43252351156938 62.8416974239146 30.23668573129921 73.83638200301009


# name: <cell-element>
# type: matrix
# rows: 1
# columns: 4
 20.30828857599507 63.53599832265547 30.16377505017619 74.67923540973611



# name: <cell-element>
# type: matrix
# rows: 1
# columns: 4
 14.4621763165893 42.04319726549049 29.47753335076679 55.81448608237176


